---0---
0 0 0 0 0 0
1 1 1 0 0 1
2 2 2 0 0 2
3 3 3 0 0 3
4 4 4 0 0 4
5 5 5 0 0 5
6 6 6 0 0 6
7 0 0 5 4 -1
8 0 1 5 4 -1
9 0 2 5 4 -1
10 1 0 5 4 -1
11 1 1 5 4 -1
12 1 2 5 4 -1
13 2 0 5 4 -1
14 2 1 5 4 -1
15 2 2 5 4 -1
16 3 0 5 4 -1
17 3 1 5 4 -1
18 3 2 5 4 -1
19 4 0 5 4 -1
20 4 1 5 4 -1
21 4 2 5 4 -1
22 5 0 5 4 -1
23 5 1 5 4 -1
24 5 2 5 4 -1
25 6 0 5 4 -1
26 6 1 5 4 -1
27 6 2 5 4 -1
28 7 0 5 5 -1
29 7 1 5 5 -1
30 7 2 5 5 7
31 1 0 0 1 -1
32 2 1 0 1 -1
33 2 0 0 1 -1
34 3 2 0 1 -1
35 3 1 0 1 -1
36 3 0 0 1 -1
37 4 3 0 1 -1
38 4 2 0 1 -1
39 4 1 0 1 -1
40 4 0 0 1 -1
41 5 4 0 1 -1
42 5 3 0 1 -1
43 5 2 0 1 -1
44 5 1 0 1 -1
45 5 0 0 1 -1
46 6 5 0 1 -1
47 6 4 0 1 -1
48 6 3 0 1 -1
49 6 2 0 1 -1
50 6 1 0 1 -1
51 6 0 0 1 -1
---1---
0 0 0 0 0 0
1 1 1 0 0 1
2 2 2 0 0 2
3 3 3 0 0 3
4 4 4 0 0 4
5 5 5 0 0 5
6 6 6 0 0 6
7 0 0 5 4 -1
8 0 1 5 4 -1
9 0 2 5 4 -1
10 1 0 5 4 -1
11 1 1 5 4 -1
12 1 2 5 4 -1
13 2 0 5 4 -1
14 2 1 5 4 -1
15 2 2 5 4 -1
16 3 0 5 4 -1
17 3 1 5 4 -1
18 3 2 5 4 -1
19 4 0 5 4 -1
20 4 1 5 4 -1
21 4 2 5 4 -1
22 5 0 5 4 -1
23 5 1 5 4 -1
24 5 2 5 4 -1
25 6 0 5 5 -1
26 6 1 5 5 -1
27 6 2 5 5 7
28 7 0 5 4 -1
29 7 1 5 4 -1
30 7 2 5 4 -1
31 1 0 0 1 -1
32 2 1 0 1 -1
33 2 0 0 1 -1
34 3 2 0 1 -1
35 3 1 0 1 -1
36 3 0 0 1 -1
37 4 3 0 1 -1
38 4 2 0 1 -1
39 4 1 0 1 -1
40 4 0 0 1 -1
41 5 4 0 1 -1
42 5 3 0 1 -1
43 5 2 0 1 -1
44 5 1 0 1 -1
45 5 0 0 1 -1
46 6 5 0 1 -1
47 6 4 0 1 -1
48 6 3 0 1 -1
49 6 2 0 1 -1
50 6 1 0 1 -1
51 6 0 0 1 -1
---2---
0 0 0 0 0 0
1 1 1 0 0 1
2 2 2 0 0 2
3 3 3 0 0 3
4 4 4 0 0 4
5 5 5 0 0 5
6 6 6 0 0 6
7 0 0 5 4 -1
8 0 1 5 4 -1
9 0 2 5 4 -1
10 1 0 5 4 -1
11 1 1 5 4 -1
12 1 2 5 4 -1
13 2 0 5 4 -1
14 2 1 5 4 -1
15 2 2 5 4 -1
16 3 0 5 4 -1
17 3 1 5 4 -1
18 3 2 5 4 -1
19 4 0 5 4 -1
20 4 1 5 4 -1
21 4 2 5 4 -1
22 5 0 5 5 -1
23 5 1 5 5 -1
24 5 2 5 5 7
25 6 0 5 4 -1
26 6 1 5 4 -1
27 6 2 5 4 -1
28 7 0 5 4 -1
29 7 1 5 4 -1
30 7 2 5 4 -1
31 1 0 0 1 -1
32 2 1 0 1 -1
33 2 0 0 1 -1
34 3 2 0 1 -1
35 3 1 0 1 -1
36 3 0 0 1 -1
37 4 3 0 1 -1
38 4 2 0 1 -1
39 4 1 0 1 -1
40 4 0 0 1 -1
41 5 4 0 1 -1
42 5 3 0 1 -1
43 5 2 0 1 -1
44 5 1 0 1 -1
45 5 0 0 1 -1
46 6 5 0 1 -1
47 6 4 0 1 -1
48 6 3 0 1 -1
49 6 2 0 1 -1
50 6 1 0 1 -1
51 6 0 0 1 -1
---3---
0 0 0 0 0 0
1 1 1 0 0 1
2 2 2 0 0 2
3 3 3 0 0 3
4 4 4 0 0 4
5 5 5 0 0 5
6 6 6 0 0 6
7 0 0 5 4 -1
8 0 1 5 4 -1
9 0 2 5 4 -1
10 1 0 5 4 -1
11 1 1 5 4 -1
12 1 2 5 4 -1
13 2 0 5 4 -1
14 2 1 5 4 -1
15 2 2 5 4 -1
16 3 0 5 4 -1
17 3 1 5 4 -1
18 3 2 5 4 -1
19 4 0 5 5 -1
20 4 1 5 5 -1
21 4 2 5 5 7
22 5 0 5 4 -1
23 5 1 5 4 -1
24 5 2 5 4 -1
25 6 0 5 4 -1
26 6 1 5 4 -1
27 6 2 5 4 -1
28 7 0 5 4 -1
29 7 1 5 4 -1
30 7 2 5 4 -1
31 1 0 0 1 -1
32 2 1 0 1 -1
33 2 0 0 1 -1
34 3 2 0 1 -1
35 3 1 0 1 -1
36 3 0 0 1 -1
37 4 3 0 1 -1
38 4 2 0 1 -1
39 4 1 0 1 -1
40 4 0 0 1 -1
41 5 4 0 1 -1
42 5 3 0 1 -1
43 5 2 0 1 -1
44 5 1 0 1 -1
45 5 0 0 1 -1
46 6 5 0 1 -1
47 6 4 0 1 -1
48 6 3 0 1 -1
49 6 2 0 1 -1
50 6 1 0 1 -1
51 6 0 0 1 -1
---4---
0 0 0 0 0 0
1 1 1 0 0 1
2 2 2 0 0 2
3 3 3 0 0 3
4 4 4 0 0 4
5 5 5 0 0 5
6 6 6 0 0 6
7 0 0 5 4 -1
8 0 1 5 4 -1
9 0 2 5 4 -1
10 1 0 5 4 -1
11 1 1 5 4 -1
12 1 2 5 4 -1
13 2 0 5 4 -1
14 2 1 5 4 -1
15 2 2 5 4 -1
16 3 0 5 5 -1
17 3 1 5 5 -1
18 3 2 5 5 7
19 4 0 5 4 -1
20 4 1 5 4 -1
21 4 2 5 4 -1
22 5 0 5 4 -1
23 5 1 5 4 -1
24 5 2 5 4 -1
25 6 0 5 4 -1
26 6 1 5 4 -1
27 6 2 5 4 -1
28 7 0 5 4 -1
29 7 1 5 4 -1
30 7 2 5 4 -1
31 1 0 0 1 -1
32 2 1 0 1 -1
33 2 0 0 1 -1
34 3 2 0 1 -1
35 3 1 0 1 -1
36 3 0 0 1 -1
37 4 3 0 1 -1
38 4 2 0 1 -1
39 4 1 0 1 -1
40 4 0 0 1 -1
41 5 4 0 1 -1
42 5 3 0 1 -1
43 5 2 0 1 -1
44 5 1 0 1 -1
45 5 0 0 1 -1
46 6 5 0 1 -1
47 6 4 0 1 -1
48 6 3 0 1 -1
49 6 2 0 1 -1
50 6 1 0 1 -1
51 6 0 0 1 -1
---5---
0 0 0 0 0 0
1 1 1 0 0 1
2 2 2 0 0 2
3 3 3 0 0 3
4 4 4 0 0 4
5 5 5 0 0 5
6 6 6 0 0 6
7 0 0 5 4 -1
8 0 1 5 4 -1
9 0 2 5 4 -1
10 1 0 5 4 -1
11 1 1 5 4 -1
12 1 2 5 4 -1
13 2 0 5 5 -1
14 2 1 5 5 -1
15 2 2 5 5 7
16 3 0 5 4 -1
17 3 1 5 4 -1
18 3 2 5 4 -1
19 4 0 5 4 -1
20 4 1 5 4 -1
21 4 2 5 4 -1
22 5 0 5 4 -1
23 5 1 5 4 -1
24 5 2 5 4 -1
25 6 0 5 4 -1
26 6 1 5 4 -1
27 6 2 5 4 -1
28 7 0 5 4 -1
29 7 1 5 4 -1
30 7 2 5 4 -1
31 1 0 0 1 -1
32 2 1 0 1 -1
33 2 0 0 1 -1
34 3 2 0 1 -1
35 3 1 0 1 -1
36 3 0 0 1 -1
37 4 3 0 1 -1
38 4 2 0 1 -1
39 4 1 0 1 -1
40 4 0 0 1 -1
41 5 4 0 1 -1
42 5 3 0 1 -1
43 5 2 0 1 -1
44 5 1 0 1 -1
45 5 0 0 1 -1
46 6 5 0 1 -1
47 6 4 0 1 -1
48 6 3 0 1 -1
49 6 2 0 1 -1
50 6 1 0 1 -1
51 6 0 0 1 -1
---6---
0 0 0 0 0 0
1 1 1 0 0 1
2 2 2 0 0 2
3 3 3 0 0 3
4 4 4 0 0 4
5 5 5 0 0 5
6 6 6 0 0 6
7 0 0 5 4 -1
8 0 1 5 4 -1
9 0 2 5 4 -1
10 1 0 5 5 -1
11 1 1 5 5 -1
12 1 2 5 5 7
13 2 0 5 4 -1
14 2 1 5 4 -1
15 2 2 5 4 -1
16 3 0 5 4 -1
17 3 1 5 4 -1
18 3 2 5 4 -1
19 4 0 5 4 -1
20 4 1 5 4 -1
21 4 2 5 4 -1
22 5 0 5 4 -1
23 5 1 5 4 -1
24 5 2 5 4 -1
25 6 0 5 4 -1
26 6 1 5 4 -1
27 6 2 5 4 -1
28 7 0 5 4 -1
29 7 1 5 4 -1
30 7 2 5 4 -1
31 1 0 0 1 -1
32 2 1 0 1 -1
33 2 0 0 1 -1
34 3 2 0 1 -1
35 3 1 0 1 -1
36 3 0 0 1 -1
37 4 3 0 1 -1
38 4 2 0 1 -1
39 4 1 0 1 -1
40 4 0 0 1 -1
41 5 4 0 1 -1
42 5 3 0 1 -1
43 5 2 0 1 -1
44 5 1 0 1 -1
45 5 0 0 1 -1
46 6 5 0 1 -1
47 6 4 0 1 -1
48 6 3 0 1 -1
49 6 2 0 1 -1
50 6 1 0 1 -1
51 6 0 0 1 -1
---7---
0 0 0 0 0 0
1 1 1 0 0 1
2 2 2 0 0 2
3 3 3 0 0 3
4 4 4 0 0 4
5 5 5 0 0 5
6 6 6 0 0 6
7 0 0 5 5 -1
8 0 1 5 5 -1
9 0 2 5 5 7
10 1 0 5 4 -1
11 1 1 5 4 -1
12 1 2 5 4 -1
13 2 0 5 4 -1
14 2 1 5 4 -1
15 2 2 5 4 -1
16 3 0 5 4 -1
17 3 1 5 4 -1
18 3 2 5 4 -1
19 4 0 5 4 -1
20 4 1 5 4 -1
21 4 2 5 4 -1
22 5 0 5 4 -1
23 5 1 5 4 -1
24 5 2 5 4 -1
25 6 0 5 4 -1
26 6 1 5 4 -1
27 6 2 5 4 -1
28 7 0 5 4 -1
29 7 1 5 4 -1
30 7 2 5 4 -1
31 1 0 0 1 -1
32 2 1 0 1 -1
33 2 0 0 1 -1
34 3 2 0 1 -1
35 3 1 0 1 -1
36 3 0 0 1 -1
37 4 3 0 1 -1
38 4 2 0 1 -1
39 4 1 0 1 -1
40 4 0 0 1 -1
41 5 4 0 1 -1
42 5 3 0 1 -1
43 5 2 0 1 -1
44 5 1 0 1 -1
45 5 0 0 1 -1
46 6 5 0 1 -1
47 6 4 0 1 -1
48 6 3 0 1 -1
49 6 2 0 1 -1
50 6 1 0 1 -1
51 6 0 0 1 -1
---8---
0 0 0 0 0 0
1 1 1 0 0 -1
2 2 2 0 0 2
3 3 3 0 0 3
4 4 4 0 0 4
5 5 5 0 0 5
6 6 6 0 0 6
7 0 0 5 5 -1
8 0 1 5 5 7
9 1 2 0 0 1
10 1 0 5 4 -1
11 1 1 5 4 -1
12 1 2 5 4 -1
13 2 0 5 4 -1
14 2 1 5 4 -1
15 2 2 5 4 -1
16 3 0 5 4 -1
17 3 1 5 4 -1
18 3 2 5 4 -1
19 4 0 5 4 -1
20 4 1 5 4 -1
21 4 2 5 4 -1
22 5 0 5 4 -1
23 5 1 5 4 -1
24 5 2 5 4 -1
25 6 0 5 4 -1
26 6 1 5 4 -1
27 6 2 5 4 -1
28 7 0 5 4 -1
29 7 1 5 4 -1
30 7 2 5 4 -1
31 1 0 0 1 -1
32 2 1 0 1 -1
33 2 0 0 1 -1
34 3 2 0 1 -1
35 3 1 0 1 -1
36 3 0 0 1 -1
37 4 3 0 1 -1
38 4 2 0 1 -1
39 4 1 0 1 -1
40 4 0 0 1 -1
41 5 4 0 1 -1
42 5 3 0 1 -1
43 5 2 0 1 -1
44 5 1 0 1 -1
45 5 0 0 1 -1
46 6 5 0 1 -1
47 6 4 0 1 -1
48 6 3 0 1 -1
49 6 2 0 1 -1
50 6 1 0 1 -1
51 6 0 0 1 -1
---9---
0 0 0 0 0 0
1 1 1 0 0 1
2 2 2 0 0 2
3 3 3 0 0 3
4 4 4 0 0 4
5 5 5 0 0 5
6 6 6 0 0 6
7 0 0 5 4 -1
8 0 1 5 4 -1
9 1 2 0 0 -1
10 1 0 5 4 -1
11 1 1 5 4 -1
12 1 2 5 4 -1
13 2 0 5 4 -1
14 2 1 5 4 -1
15 2 2 5 4 -1
16 3 0 5 4 -1
17 3 1 5 4 -1
18 3 2 5 4 -1
19 4 0 5 4 -1
20 4 1 5 4 -1
21 4 2 5 4 -1
22 5 0 5 4 -1
23 5 1 5 4 -1
24 5 2 5 4 -1
25 6 0 5 4 -1
26 6 1 5 4 -1
27 6 2 5 4 -1
28 7 0 5 5 -1
29 7 1 5 5 -1
30 7 2 5 5 7
31 1 0 0 1 -1
32 2 1 0 1 -1
33 2 0 0 1 -1
34 3 2 0 1 -1
35 3 1 0 1 -1
36 3 0 0 1 -1
37 4 3 0 1 -1
38 4 2 0 1 -1
39 4 1 0 1 -1
40 4 0 0 1 -1
41 5 4 0 1 -1
42 5 3 0 1 -1
43 5 2 0 1 -1
44 5 1 0 1 -1
45 5 0 0 1 -1
46 6 5 0 1 -1
47 6 4 0 1 -1
48 6 3 0 1 -1
49 6 2 0 1 -1
50 6 1 0 1 -1
51 6 0 0 1 -1
---10---
0 0 0 0 0 0
1 1 1 0 0 1
2 2 2 0 0 2
3 3 3 0 0 3
4 4 4 0 0 4
5 5 5 0 0 5
6 6 6 0 0 6
7 0 0 5 4 -1
8 0 1 5 4 -1
9 1 2 0 0 -1
10 1 0 5 4 -1
11 1 1 5 4 -1
12 1 2 5 4 -1
13 2 0 5 4 -1
14 2 1 5 4 -1
15 2 2 5 4 -1
16 3 0 5 4 -1
17 3 1 5 4 -1
18 3 2 5 4 -1
19 4 0 5 4 -1
20 4 1 5 4 -1
21 4 2 5 4 -1
22 5 0 5 4 -1
23 5 1 5 4 -1
24 5 2 5 4 -1
25 6 0 5 5 -1
26 6 1 5 5 -1
27 6 2 5 5 7
28 7 0 5 4 -1
29 7 1 5 4 -1
30 7 2 5 4 -1
31 1 0 0 1 -1
32 2 1 0 1 -1
33 2 0 0 1 -1
34 3 2 0 1 -1
35 3 1 0 1 -1
36 3 0 0 1 -1
37 4 3 0 1 -1
38 4 2 0 1 -1
39 4 1 0 1 -1
40 4 0 0 1 -1
41 5 4 0 1 -1
42 5 3 0 1 -1
43 5 2 0 1 -1
44 5 1 0 1 -1
45 5 0 0 1 -1
46 6 5 0 1 -1
47 6 4 0 1 -1
48 6 3 0 1 -1
49 6 2 0 1 -1
50 6 1 0 1 -1
51 6 0 0 1 -1
---11---
0 0 0 0 0 0
1 1 1 0 0 1
2 2 2 0 0 2
3 3 3 0 0 3
4 4 4 0 0 4
5 5 5 0 0 5
6 6 6 0 0 6
7 0 0 5 4 -1
8 0 1 5 4 -1
9 1 2 0 0 -1
10 1 0 5 4 -1
11 1 1 5 4 -1
12 1 2 5 4 -1
13 2 0 5 4 -1
14 2 1 5 4 -1
15 2 2 5 4 -1
16 3 0 5 4 -1
17 3 1 5 4 -1
18 3 2 5 4 -1
19 4 0 5 4 -1
20 4 1 5 4 -1
21 4 2 5 4 -1
22 5 0 5 5 -1
23 5 1 5 5 -1
24 5 2 5 5 7
25 6 0 5 4 -1
26 6 1 5 4 -1
27 6 2 5 4 -1
28 7 0 5 4 -1
29 7 1 5 4 -1
30 7 2 5 4 -1
31 1 0 0 1 -1
32 2 1 0 1 -1
33 2 0 0 1 -1
34 3 2 0 1 -1
35 3 1 0 1 -1
36 3 0 0 1 -1
37 4 3 0 1 -1
38 4 2 0 1 -1
39 4 1 0 1 -1
40 4 0 0 1 -1
41 5 4 0 1 -1
42 5 3 0 1 -1
43 5 2 0 1 -1
44 5 1 0 1 -1
45 5 0 0 1 -1
46 6 5 0 1 -1
47 6 4 0 1 -1
48 6 3 0 1 -1
49 6 2 0 1 -1
50 6 1 0 1 -1
51 6 0 0 1 -1
---12---
0 0 0 0 0 0
1 1 1 0 0 1
2 2 2 0 0 2
3 3 3 0 0 3
4 4 4 0 0 4
5 5 5 0 0 5
6 6 6 0 0 6
7 0 0 5 4 -1
8 0 1 5 4 -1
9 1 2 0 0 -1
10 1 0 5 4 -1
11 1 1 5 4 -1
12 1 2 5 4 -1
13 2 0 5 4 -1
14 2 1 5 4 -1
15 2 2 5 4 -1
16 3 0 5 4 -1
17 3 1 5 4 -1
18 3 2 5 4 -1
19 4 0 5 5 -1
20 4 1 5 5 -1
21 4 2 5 5 7
22 5 0 5 4 -1
23 5 1 5 4 -1
24 5 2 5 4 -1
25 6 0 5 4 -1
26 6 1 5 4 -1
27 6 2 5 4 -1
28 7 0 5 4 -1
29 7 1 5 4 -1
30 7 2 5 4 -1
31 1 0 0 1 -1
32 2 1 0 1 -1
33 2 0 0 1 -1
34 3 2 0 1 -1
35 3 1 0 1 -1
36 3 0 0 1 -1
37 4 3 0 1 -1
38 4 2 0 1 -1
39 4 1 0 1 -1
40 4 0 0 1 -1
41 5 4 0 1 -1
42 5 3 0 1 -1
43 5 2 0 1 -1
44 5 1 0 1 -1
45 5 0 0 1 -1
46 6 5 0 1 -1
47 6 4 0 1 -1
48 6 3 0 1 -1
49 6 2 0 1 -1
50 6 1 0 1 -1
51 6 0 0 1 -1
---13---
0 0 0 0 0 0
1 1 1 0 0 1
2 2 2 0 0 2
3 3 3 0 0 3
4 4 4 0 0 4
5 5 5 0 0 5
6 6 6 0 0 6
7 0 0 5 4 -1
8 0 1 5 4 -1
9 1 2 0 0 -1
10 1 0 5 4 -1
11 1 1 5 4 -1
12 1 2 5 4 -1
13 2 0 5 4 -1
14 2 1 5 4 -1
15 2 2 5 4 -1
16 3 0 5 5 -1
17 3 1 5 5 -1
18 3 2 5 5 7
19 4 0 5 4 -1
20 4 1 5 4 -1
21 4 2 5 4 -1
22 5 0 5 4 -1
23 5 1 5 4 -1
24 5 2 5 4 -1
25 6 0 5 4 -1
26 6 1 5 4 -1
27 6 2 5 4 -1
28 7 0 5 4 -1
29 7 1 5 4 -1
30 7 2 5 4 -1
31 1 0 0 1 -1
32 2 1 0 1 -1
33 2 0 0 1 -1
34 3 2 0 1 -1
35 3 1 0 1 -1
36 3 0 0 1 -1
37 4 3 0 1 -1
38 4 2 0 1 -1
39 4 1 0 1 -1
40 4 0 0 1 -1
41 5 4 0 1 -1
42 5 3 0 1 -1
43 5 2 0 1 -1
44 5 1 0 1 -1
45 5 0 0 1 -1
46 6 5 0 1 -1
47 6 4 0 1 -1
48 6 3 0 1 -1
49 6 2 0 1 -1
50 6 1 0 1 -1
51 6 0 0 1 -1
---14---
0 0 0 0 0 0
1 1 1 0 0 1
2 2 2 0 0 2
3 3 3 0 0 3
4 4 4 0 0 4
5 5 5 0 0 5
6 6 6 0 0 6
7 0 0 5 4 -1
8 0 1 5 4 -1
9 1 2 0 0 -1
10 1 0 5 4 -1
11 1 1 5 4 -1
12 1 2 5 4 -1
13 2 0 5 5 -1
14 2 1 5 5 -1
15 2 2 5 5 7
16 3 0 5 4 -1
17 3 1 5 4 -1
18 3 2 5 4 -1
19 4 0 5 4 -1
20 4 1 5 4 -1
21 4 2 5 4 -1
22 5 0 5 4 -1
23 5 1 5 4 -1
24 5 2 5 4 -1
25 6 0 5 4 -1
26 6 1 5 4 -1
27 6 2 5 4 -1
28 7 0 5 4 -1
29 7 1 5 4 -1
30 7 2 5 4 -1
31 1 0 0 1 -1
32 2 1 0 1 -1
33 2 0 0 1 -1
34 3 2 0 1 -1
35 3 1 0 1 -1
36 3 0 0 1 -1
37 4 3 0 1 -1
38 4 2 0 1 -1
39 4 1 0 1 -1
40 4 0 0 1 -1
41 5 4 0 1 -1
42 5 3 0 1 -1
43 5 2 0 1 -1
44 5 1 0 1 -1
45 5 0 0 1 -1
46 6 5 0 1 -1
47 6 4 0 1 -1
48 6 3 0 1 -1
49 6 2 0 1 -1
50 6 1 0 1 -1
51 6 0 0 1 -1
---15---
0 0 0 0 0 0
1 1 1 0 0 1
2 2 2 0 0 2
3 3 3 0 0 3
4 4 4 0 0 4
5 5 5 0 0 5
6 6 6 0 0 6
7 0 0 5 4 -1
8 0 1 5 4 -1
9 1 2 0 0 -1
10 1 0 5 5 -1
11 1 1 5 5 -1
12 1 2 5 5 7
13 2 0 5 4 -1
14 2 1 5 4 -1
15 2 2 5 4 -1
16 3 0 5 4 -1
17 3 1 5 4 -1
18 3 2 5 4 -1
19 4 0 5 4 -1
20 4 1 5 4 -1
21 4 2 5 4 -1
22 5 0 5 4 -1
23 5 1 5 4 -1
24 5 2 5 4 -1
25 6 0 5 4 -1
26 6 1 5 4 -1
27 6 2 5 4 -1
28 7 0 5 4 -1
29 7 1 5 4 -1
30 7 2 5 4 -1
31 1 0 0 1 -1
32 2 1 0 1 -1
33 2 0 0 1 -1
34 3 2 0 1 -1
35 3 1 0 1 -1
36 3 0 0 1 -1
37 4 3 0 1 -1
38 4 2 0 1 -1
39 4 1 0 1 -1
40 4 0 0 1 -1
41 5 4 0 1 -1
42 5 3 0 1 -1
43 5 2 0 1 -1
44 5 1 0 1 -1
45 5 0 0 1 -1
46 6 5 0 1 -1
47 6 4 0 1 -1
48 6 3 0 1 -1
49 6 2 0 1 -1
50 6 1 0 1 -1
51 6 0 0 1 -1
---16---
0 0 0 0 0 0
1 1 1 0 0 1
2 2 2 0 0 2
3 3 3 0 0 3
4 4 4 0 0 4
5 5 5 0 0 5
6 6 6 0 0 6
7 0 0 5 5 -1
8 0 1 5 5 7
9 1 2 0 0 -1
10 1 0 5 4 -1
11 1 1 5 4 -1
12 1 2 5 4 -1
13 2 0 5 4 -1
14 2 1 5 4 -1
15 2 2 5 4 -1
16 3 0 5 4 -1
17 3 1 5 4 -1
18 3 2 5 4 -1
19 4 0 5 4 -1
20 4 1 5 4 -1
21 4 2 5 4 -1
22 5 0 5 4 -1
23 5 1 5 4 -1
24 5 2 5 4 -1
25 6 0 5 4 -1
26 6 1 5 4 -1
27 6 2 5 4 -1
28 7 0 5 4 -1
29 7 1 5 4 -1
30 7 2 5 4 -1
31 1 0 0 1 -1
32 2 1 0 1 -1
33 2 0 0 1 -1
34 3 2 0 1 -1
35 3 1 0 1 -1
36 3 0 0 1 -1
37 4 3 0 1 -1
38 4 2 0 1 -1
39 4 1 0 1 -1
40 4 0 0 1 -1
41 5 4 0 1 -1
42 5 3 0 1 -1
43 5 2 0 1 -1
44 5 1 0 1 -1
45 5 0 0 1 -1
46 6 5 0 1 -1
47 6 4 0 1 -1
48 6 3 0 1 -1
49 6 2 0 1 -1
50 6 1 0 1 -1
51 6 0 0 1 -1
---17---
0 0 0 0 0 0
1 1 1 0 0 1
2 2 2 0 0 2
3 3 3 0 0 3
4 4 4 0 0 4
5 5 5 0 0 5
6 6 6 0 0 6
7 0 0 5 4 -1
8 0 1 5 4 -1
9 1 2 0 0 -1
10 1 0 5 4 -1
11 1 1 5 4 -1
12 1 2 5 4 -1
13 2 0 5 4 -1
14 2 1 5 4 -1
15 2 2 5 4 -1
16 3 0 5 4 -1
17 3 1 5 4 -1
18 3 2 5 4 -1
19 4 0 5 4 -1
20 4 1 5 4 -1
21 4 2 5 4 -1
22 5 0 5 4 -1
23 5 1 5 4 -1
24 5 2 5 4 -1
25 6 0 5 4 -1
26 6 1 5 4 -1
27 6 2 5 4 -1
28 7 0 5 5 -1
29 7 1 5 5 -1
30 7 2 5 5 7
31 1 0 0 1 -1
32 2 1 0 1 -1
33 2 0 0 1 -1
34 3 2 0 1 -1
35 3 1 0 1 -1
36 3 0 0 1 -1
37 4 3 0 1 -1
38 4 2 0 1 -1
39 4 1 0 1 -1
40 4 0 0 1 -1
41 5 4 0 1 -1
42 5 3 0 1 -1
43 5 2 0 1 -1
44 5 1 0 1 -1
45 5 0 0 1 -1
46 6 5 0 1 -1
47 6 4 0 1 -1
48 6 3 0 1 -1
49 6 2 0 1 -1
50 6 1 0 1 -1
51 6 0 0 1 -1
---18---
0 0 0 0 0 0
1 1 1 0 0 1
2 2 2 0 0 2
3 3 3 0 0 3
4 4 4 0 0 4
5 5 5 0 0 5
6 6 6 0 0 6
7 0 0 5 4 -1
8 0 1 5 4 -1
9 1 2 0 0 -1
10 1 0 5 4 -1
11 1 1 5 4 -1
12 1 2 5 4 -1
13 2 0 5 4 -1
14 2 1 5 4 -1
15 2 2 5 4 -1
16 3 0 5 4 -1
17 3 1 5 4 -1
18 3 2 5 4 -1
19 4 0 5 4 -1
20 4 1 5 4 -1
21 4 2 5 4 -1
22 5 0 5 4 -1
23 5 1 5 4 -1
24 5 2 5 4 -1
25 6 0 5 5 -1
26 6 1 5 5 -1
27 6 2 5 5 7
28 7 0 5 4 -1
29 7 1 5 4 -1
30 7 2 5 4 -1
31 1 0 0 1 -1
32 2 1 0 1 -1
33 2 0 0 1 -1
34 3 2 0 1 -1
35 3 1 0 1 -1
36 3 0 0 1 -1
37 4 3 0 1 -1
38 4 2 0 1 -1
39 4 1 0 1 -1
40 4 0 0 1 -1
41 5 4 0 1 -1
42 5 3 0 1 -1
43 5 2 0 1 -1
44 5 1 0 1 -1
45 5 0 0 1 -1
46 6 5 0 1 -1
47 6 4 0 1 -1
48 6 3 0 1 -1
49 6 2 0 1 -1
50 6 1 0 1 -1
51 6 0 0 1 -1
