0 2 1 2 2 10 
1 1 5 0 0 1 
2 6 8 0 0 -1 
3 6 9 0 0 -1 
4 2 1 0 0 -1 
5 6 10 0 0 6 
6 6 6 0 0 -1 
7 0 2 0 0 -1 
8 0 0 5 4 -1 
9 1 0 5 5 7 
10 1 1 0 0 -1 
11 0 1 2 2 8 
12 0 1 0 0 -1 
13 2 0 5 4 -1 
14 3 0 5 4 -1 
15 2 2 0 0 2 
16 4 0 5 4 -1 
17 5 0 5 4 -1 
18 6 0 5 4 -1 
19 7 0 5 4 -1 
20 8 0 5 4 -1 
21 0 0 2 3 -1 
22 3 0 2 2 11 
23 6 7 0 0 -1 
24 2 0 2 3 -1 
25 9 0 5 4 -1 
26 10 0 5 4 -1 
27 11 0 5 4 -1 
28 1 4 0 0 -1 
29 12 0 5 4 -1 
30 13 0 5 4 -1 
31 1 0 0 0 -1 
32 1 2 0 0 -1 
33 2 0 0 0 -1 
34 1 3 0 0 -1 
35 0 4 0 0 0 
36 3 0 0 0 3 
37 4 3 0 0 4 
38 4 2 0 1 -1 
39 4 1 0 1 -1 
40 4 0 0 1 -1 
41 0 0 0 0 -1 
42 0 3 0 0 -1 
43 5 2 0 0 5 
44 5 1 0 1 -1 
45 5 0 0 1 -1 
46 6 5 0 1 -1 
47 6 4 0 1 -1 
48 6 3 0 1 -1 
49 6 2 0 1 -1 
50 6 1 0 1 -1 
51 6 0 0 1 -1 
c_stacks size is 7
	0 : 5
	1 : 6
	2 : 3
	3 : 1
	4 : 4
	5 : 3
	6 : 11
c_out size is 4
	0 : 2
	1 : EMPTY
	2 : 2
	3 : 1
c_deck size is 24
	23 : DELETED
	22 : DELETED
	21 : DELETED
	20 : DELETED
	19 : DELETED
	18 : DELETED
	17 : DELETED
	16 : DELETED
	15 : DELETED
	14 : DELETED
	13 : 1
	12 : 1
	11 : 1
	10 : 1
	9 : 1
	8 : 1
	7 : 1
	6 : 1
	5 : 1
	4 : 1
	3 : 1
	2 : 1
	1 : 1
	0 : 1
c_reachable size is 12
