31 19
31 7
31 16
31 14
32 11
32 15
32 23
32 27
32 24
33 22
33 2
33 19
35 16
35 26
35 18
35 1
35 29
35 26
35 17
36 13
36 15
36 24
36 1
36 15
36 29
36 32
36 15
37 6
37 7
37 0
37 6
37 26
37 22
37 15
37 25
37 14
37 22
37 26
37 29
37 13
37 35
37 19
37 34
37 34
37 35
37 5
37 2
38 13
39 34
39 34
41 36
41 32
41 14
41 12
41 3
41 24
41 29
41 13
41 32
41 28
41 8
41 20
41 37
41 24
41 35
41 16
42 1
42 17
42 25
43 23
43 3
43 37
43 31
43 13
44 39
44 1
44 4
44 29
44 38
44 25
44 13
44 16
44 37
44 43
44 23
44 25
44 15
44 11
44 24
44 6
44 19
44 1
44 7
44 28
45 36
45 18
46 38
46 37
46 9
46 13
46 3
46 20
46 23
46 19
46 23
46 15
47 15
47 4
47 14
47 6
47 2
47 6
47 45
47 34
47 9
47 27
48 27
48 44
48 18
48 47
48 46
48 22
48 25
49 28
49 32
49 39
49 32
49 3
49 26
49 14
49 1
49 34
49 5
49 44
49 13
49 13
49 30
49 39
49 19
49 2
49 45
49 10
49 9
49 6
49 16
49 30
49 8
49 22
49 8
49 4
49 18
50 10
50 12
50 22
50 2
50 4
50 39
50 40
50 20
50 20
50 46
50 8
50 12
50 33
50 3
50 39
50 47
50 49
50 22
50 30
50 32
50 48
50 7
50 5
50 1
50 34
50 37
50 10
50 28
50 9
50 9
50 4
50 33
50 2
50 35
50 4
50 22
50 19
50 34
50 44
50 8
50 34
50 24
50 25
50 38
50 36
50 4
50 18
50 18
50 38
50 31
50 16
50 13
50 17
50 1
50 4
50 10
50 42
50 38
50 1
50 11
50 29
50 7
50 11
50 32
50 41
51 2
51 3
51 2
51 43
51 32
51 9
51 29
51 28
51 24
51 26
51 39
51 36
51 33
51 37
51 35
51 16
51 18
51 2
51 14
51 48
51 34
51 22
51 13
51 6
51 49
51 6
51 28
51 48
