---0---
0 0 0 0 0 0
1 1 1 0 0 1
2 2 2 0 0 2
3 3 3 0 0 3
4 4 4 0 0 4
5 5 5 0 0 5
6 6 6 0 0 6
7 0 0 5 4 -1
8 1 0 5 4 -1
9 2 0 5 4 -1
10 3 0 5 4 -1
11 4 0 5 4 -1
12 5 0 5 4 -1
13 6 0 5 4 -1
14 7 0 5 4 -1
15 8 0 5 4 -1
16 9 0 5 4 -1
17 10 0 5 4 -1
18 11 0 5 4 -1
19 12 0 5 4 -1
20 13 0 5 4 -1
21 14 0 5 4 -1
22 15 0 5 4 -1
23 16 0 5 4 -1
24 17 0 5 4 -1
25 18 0 5 4 -1
26 19 0 5 4 -1
27 20 0 5 4 -1
28 21 0 5 4 -1
29 22 0 5 4 -1
30 23 0 5 5 7
31 1 0 0 1 -1
32 2 1 0 1 -1
33 2 0 0 1 -1
34 3 2 0 1 -1
35 3 1 0 1 -1
36 3 0 0 1 -1
37 4 3 0 1 -1
38 4 2 0 1 -1
39 4 1 0 1 -1
40 4 0 0 1 -1
41 5 4 0 1 -1
42 5 3 0 1 -1
43 5 2 0 1 -1
44 5 1 0 1 -1
45 5 0 0 1 -1
46 6 5 0 1 -1
47 6 4 0 1 -1
48 6 3 0 1 -1
49 6 2 0 1 -1
50 6 1 0 1 -1
51 6 0 0 1 -1
---1---
0 0 0 0 0 0
1 1 1 0 0 1
2 2 2 0 0 2
3 3 3 0 0 3
4 5 6 0 0 5
5 5 5 0 0 -1
6 6 6 0 0 6
7 0 0 5 4 -1
8 1 0 5 4 -1
9 2 0 5 4 -1
10 3 0 5 4 -1
11 4 0 5 4 -1
12 5 0 5 4 -1
13 6 0 5 4 -1
14 7 0 5 4 -1
15 8 0 5 4 -1
16 9 0 5 4 -1
17 10 0 5 4 -1
18 11 0 5 4 -1
19 12 0 5 4 -1
20 13 0 5 4 -1
21 14 0 5 4 -1
22 15 0 5 4 -1
23 16 0 5 4 -1
24 17 0 5 4 -1
25 18 0 5 4 -1
26 19 0 5 4 -1
27 20 0 5 4 -1
28 21 0 5 4 -1
29 22 0 5 4 -1
30 23 0 5 5 7
31 1 0 0 1 -1
32 2 1 0 1 -1
33 2 0 0 1 -1
34 3 2 0 1 -1
35 3 1 0 1 -1
36 3 0 0 1 -1
37 4 3 0 0 4
38 4 2 0 1 -1
39 4 1 0 1 -1
40 4 0 0 1 -1
41 5 4 0 1 -1
42 5 3 0 1 -1
43 5 2 0 1 -1
44 5 1 0 1 -1
45 5 0 0 1 -1
46 6 5 0 1 -1
47 6 4 0 1 -1
48 6 3 0 1 -1
49 6 2 0 1 -1
50 6 1 0 1 -1
51 6 0 0 1 -1
---2---
0 0 0 0 0 0
1 1 1 0 0 1
2 2 2 0 0 2
3 3 3 0 0 -1
4 5 6 0 0 5
5 5 5 0 0 -1
6 6 6 0 0 6
7 0 0 5 4 -1
8 1 0 5 4 -1
9 2 0 5 4 -1
10 3 0 5 4 -1
11 4 0 5 4 -1
12 5 0 5 4 -1
13 6 0 5 4 -1
14 7 0 5 4 -1
15 8 0 5 4 -1
16 9 0 5 4 -1
17 10 0 5 4 -1
18 11 0 5 4 -1
19 12 0 5 4 -1
20 13 0 5 4 -1
21 14 0 5 4 -1
22 15 0 5 4 -1
23 16 0 5 4 -1
24 17 0 5 4 -1
25 18 0 5 4 -1
26 19 0 5 4 -1
27 20 0 5 4 -1
28 21 0 5 4 -1
29 22 0 5 4 -1
30 23 0 5 5 7
31 1 0 0 1 -1
32 2 1 0 1 -1
33 2 0 0 1 -1
34 3 2 0 1 -1
35 3 1 0 1 -1
36 3 0 0 1 -1
37 3 4 0 0 3
38 4 2 0 0 4
39 4 1 0 1 -1
40 4 0 0 1 -1
41 5 4 0 1 -1
42 5 3 0 1 -1
43 5 2 0 1 -1
44 5 1 0 1 -1
45 5 0 0 1 -1
46 6 5 0 1 -1
47 6 4 0 1 -1
48 6 3 0 1 -1
49 6 2 0 1 -1
50 6 1 0 1 -1
51 6 0 0 1 -1
---3---
0 0 0 0 0 0
1 1 1 0 0 1
2 2 2 0 0 2
3 3 3 0 0 -1
4 5 6 0 0 5
5 5 5 0 0 -1
6 6 6 0 0 6
7 0 0 5 4 -1
8 1 0 5 4 -1
9 2 0 5 4 -1
10 3 0 5 4 -1
11 4 0 5 4 -1
12 5 0 5 4 -1
13 6 0 5 4 -1
14 7 0 5 4 -1
15 8 0 5 4 -1
16 9 0 5 4 -1
17 10 0 5 4 -1
18 11 0 5 4 -1
19 12 0 5 4 -1
20 13 0 5 4 -1
21 14 0 5 4 -1
22 15 0 5 4 -1
23 16 0 5 4 -1
24 17 0 5 4 -1
25 18 0 5 4 -1
26 19 0 5 4 -1
27 20 0 5 4 -1
28 21 0 5 4 -1
29 22 0 5 4 -1
30 23 0 5 5 7
31 1 0 0 1 -1
32 2 1 0 1 -1
33 2 0 0 1 -1
34 3 2 0 1 -1
35 3 1 0 1 -1
36 3 0 0 1 -1
37 3 4 0 0 3
38 3 0 2 2 11
39 4 1 0 0 4
40 4 0 0 1 -1
41 5 4 0 1 -1
42 5 3 0 1 -1
43 5 2 0 1 -1
44 5 1 0 1 -1
45 5 0 0 1 -1
46 6 5 0 1 -1
47 6 4 0 1 -1
48 6 3 0 1 -1
49 6 2 0 1 -1
50 6 1 0 1 -1
51 6 0 0 1 -1
---4---
0 0 0 0 0 0
1 1 1 0 0 1
2 2 2 0 0 2
3 3 3 0 0 -1
4 5 6 0 0 5
5 5 5 0 0 -1
6 6 6 0 0 6
7 0 0 5 4 -1
8 1 0 5 4 -1
9 2 0 5 4 -1
10 3 0 5 4 -1
11 4 0 5 4 -1
12 5 0 5 4 -1
13 6 0 5 4 -1
14 7 0 5 4 -1
15 8 0 5 4 -1
16 9 0 5 4 -1
17 10 0 5 4 -1
18 11 0 5 4 -1
19 12 0 5 4 -1
20 13 0 5 4 -1
21 14 0 5 4 -1
22 15 0 5 4 -1
23 16 0 5 4 -1
24 17 0 5 4 -1
25 18 0 5 4 -1
26 19 0 5 4 -1
27 20 0 5 4 -1
28 21 0 5 4 -1
29 22 0 5 5 7
30 23 0 5 4 -1
31 1 0 0 1 -1
32 2 1 0 1 -1
33 2 0 0 1 -1
34 3 2 0 1 -1
35 3 1 0 1 -1
36 3 0 0 1 -1
37 3 4 0 0 3
38 3 0 2 2 11
39 4 1 0 0 4
40 4 0 0 1 -1
41 5 4 0 1 -1
42 5 3 0 1 -1
43 5 2 0 1 -1
44 5 1 0 1 -1
45 5 0 0 1 -1
46 6 5 0 1 -1
47 6 4 0 1 -1
48 6 3 0 1 -1
49 6 2 0 1 -1
50 6 1 0 1 -1
51 6 0 0 1 -1
